0.995924185944
0.912263704572
0.923756612751
0.991777558772
0.98199921341
0.90799169468
0.831772508456
0.960391996209
0.989575684822
0.996624498421
0.984554285783
0.94981659397
0.964879607206
0.978778581208
0.957884980821
0.925685961473
0.978564004242
0.985502650049
0.989571951106
0.800386192415
0.921876244792
0.710024107994
0.964561263668
0.949681063224
0.960165660077
0.966596962997
0.97802235184
0.975897580548
0.930915927259
0.938341541766
0.987400934527
0.95025690327
0.982213230347
0.962713797094
0.968445589526
0.961065887188
0.969438713275
0.989156645513
0.953770069868
0.921897242909
0.957733235012
0.639432009855
0.688366054516
0.973468585326
0.979238664762
0.984701473984
0.991799354569
0.971751408709
0.963308818825
0.968128630409
0.876745997495
0.995800795594
0.801730883221
0.959822641692
0.995219827299
0.941096398497
0.977750142813
0.993841470464
0.995470213073
0.860923657034
0.992319498392
0.860107898669
0.945186282939
0.944901516922
0.96771130701
0.911417172411
0.930072732074
0.86837843509
0.997687832804
0.938458454679
0.99577398388
0.940362499274
0.93343693518
0.998305369501
0.934308928929
0.867116377245
0.871096190846
0.840226698882
0.99862694447
0.851709932902
0.996920224017
0.967404978797
0.946313567255
0.943934833377
0.929596426451
0.957954838676
0.846653099088
0.916213410948
0.949476629088
0.913756044855
0.990945140131
0.996514541024
0.991455241456
0.988296150696
0.989202274124
0.946412083416
0.944805944704
0.947471842074
0.968879642268
0.987101765263
0.996869791484
0.979853621977
0.972973993434
0.990384364783
0.974793375565
0.997555721811
0.996137642694
0.991644382964
0.990114697759
0.963176215192
0.956474084477
0.970696845637
0.966877696515
0.987949909953
0.988697712659
0.98023325992
0.983392676421
0.968313641804
0.954827603575
0.958389862538
0.992419742514
0.974453220456
0.94600609694
0.995913709412
0.878606840247
0.972438610026
0.959004445387
0.990652886823
0.987654368964
0.98600055114
0.995932261959
0.98437658997
0.987377172788
0.972293964677
0.959491216989
0.96918231955
0.847847259776
0.949532508494
0.884069861566
0.527468726503
0.932666391259
0.983676031622
0.975244039819
0.973640968894
0.948487340323
0.986044859345
0.92975680305
0.966405282024
0.963575986304
0.986252321741
0.961507358527
0.992840920783
0.913682543572
0.962217220697
0.996422463984
0.973411316287
0.946525652335
0.988371104433
0.940493207836
0.931276984938
0.935155483072
0.94659568839
0.9661000699
0.99736657639
0.996568794664
0.949700878982
0.94660859239
0.947216948306
0.951189955504
0.907017823526
0.941795021576
0.945416189005
0.971195622632
0.945688444729
0.948318037499
0.942939629106
0.945103840128
0.95755353726
0.993392456528
0.958702434106
0.853610961216
0.945015138045
0.996965056383
0.988952077111
0.928081395259
0.877934024253
0.837116430162
0.931987594248
0.989437050317
0.945885213006
0.935410184368
0.989755103338
0.967334728611
0.978118163497
0.951334854044
0.994344337409
0.940147524316
0.979800293019
0.997421657753
0.996327606501
0.983561198117
0.971829824622
0.960823761971
0.979146401648
0.982969857548
0.98628600779
0.997036012656
0.972799683068
0.993157677202
0.976001048021
0.985605104055
0.973982863166
0.987360463047
0.987342879531
0.995162862256
0.757630950566
0.701986569525
0.987323587007
0.980784946525
0.997206295266
0.974617984696
0.94892287232
0.971575759502
0.993633758327
0.959059552102
0.955374130678
0.942203016255
0.967621168415
0.94844054037
0.96318411965
0.9327657172
0.986535587894
0.922492325114
0.941695631893
0.98426199087
0.97722947967
0.946586487086
0.997910580301
0.934884665426
0.982596988942
0.946149130571
0.834664604431
0.827221503201
0.953858931668
0.943482470525
0.959105283474
0.967349423008
0.956228735165
0.940931123112
0.990800500564
0.863922983332
0.948020505242
0.979588748075
0.928757899257
0.825856655759
0.939673772729
0.960005482219
0.980029437334
0.957852123069
0.890186726487
0.856402917522
0.964509430018
0.9763444598
0.963806660822
0.940496689931
0.95349534651
0.995081623062
0.972477174682
0.968866266308
0.98426420223
0.991478417455
0.907795926106
0.945499040336
0.964272925637
0.986069359783
0.982322321098
0.986993212122
0.991255956765
0.987053600719
0.95203802932
0.990152661236
0.972611935895
0.936991383842
0.923853324404
0.959255547827
0.98366978093
0.986224089954
0.993789517272
0.943737045348
0.951462969381
0.983049095082
0.984002202391
0.989578317665
0.985069619157
0.972140740531
0.969878683917
0.946439773731
0.988025918123
0.957016202797
0.989593369498
0.769518851604
0.916793912995
0.878493975884
0.949401528864
0.904092034096
0.890577874654
0.91667330217
0.958338328577
0.947855217597
0.954789394821
0.898697783123
0.970998685919
0.949343572173
0.955715213022
0.925043966868
0.841289618181
0.941427963008
0.911948949656
0.93418687206
0.983165461835
0.94506073225
0.990070488687
0.943173628713
0.947889455602
0.909023479555
0.924555545596
0.964095915113
0.95568979303
0.990269703288
0.943594961178
0.980014772292
0.971462321166
0.945181134167
0.98891972233
0.945747921872
0.842418589395
0.932370038306
0.981940277718
0.962790436191
0.947804028713
0.942782793819
0.944912756238
0.983373897178
0.996122623981
0.937221399464
0.923760092269
0.971838639756
0.949478464215
0.946067985464
0.960569741684
0.952482330735
0.996330597019
0.943101694792
0.963414981436
0.959111422911
0.966632894143
0.960590990656
0.995079882762
0.946886156808
0.946538189987
0.957731583021
0.960325921158
0.947448706653
0.842582591491
0.727562355273
0.864670978253
0.992080047722
0.990946685211
0.926751132433
0.937143953364
0.984352341633
0.990851079182
0.973047156687
0.972890869368
0.969589634246
0.987964898181
0.937748793846
0.939473418162
0.974694859969
0.988674430699
0.967852416976
0.981681027176
0.969950896049
0.977842939993
0.976823420945
0.940633540452
0.949616127607
0.912101663033
0.919826343626
0.994322561836
0.968428720891
0.95815556655
0.95796344741
0.973174235108
0.969024216237
0.987984369364
0.964798100189
0.964169731535
0.988849350123
0.96942092275
0.99320888112
0.979560804122
0.975235913996
0.964191529989
0.986844399621
0.993711410957
0.979888049891
0.975127158783
0.948787522923
0.767089786111
0.795582836124
0.954068987142
0.437552231911
0.851389512779
0.978560313519
0.934252928323
0.94077052592
0.941079862279
0.984021390027
0.989752716838
0.984469957144
0.876903609395
0.823538063135
0.926566648027
0.954847591091
0.939393073743
0.939361122111
0.966438345135
0.973242518391
0.975432385885
0.936063955458
0.944424530422
0.995176591076
0.95246650167
0.943030093337
0.912515330705
0.951656801813
0.934969949967
0.977790122687
0.97980048328
0.930127269065
0.985158104
0.94130061938
0.974272010789
0.938143330876
0.974512680161
0.979469314126
0.938948070904
0.945276239615
0.959102025902
0.939930341594
0.995943300746
0.869812539618
0.854860842447
0.937183250804
0.981248565652
0.936883813022
0.987727957667
0.968612275363
0.84488535707
0.985402439626
0.968354630067
0.981021855528
0.984495941341
0.997391425631
0.998789054502
0.974482433269
0.973222815475
0.976670723843
0.97461228364
0.997190999345
0.980696245377
0.975122425108
0.980446807882
0.984221508583
0.961782956049
0.853649677928
0.813185838836
0.984386861864
0.957023394116
0.981943568055
0.926699668346
0.91437705732
0.979637434315
0.921091744484
0.951085735994
0.982255631666
0.9775021629
0.946689004846
0.946750560681
0.98184114253
0.968264937412
0.95259290341
0.942761379445
0.975696177366
0.993150440821
0.955247577893
0.950250701084
0.948486944255
0.947030547935
0.968561018832
0.965978187253
0.959834563899
0.980228382788
0.946550103485
0.973877750547
0.961768023479
0.852908838637
0.837619252776
0.990009605637
0.989860615534
0.953607296523
0.930146031498
0.996096930823
0.987601806221
0.966833974979
0.943848671163
0.98176259876
0.938212598291
0.948239934277
0.946808661343
0.940704219234
0.980452019033
0.992931018145
0.993454113147
0.93814767693
0.986918395625
0.932945445724
0.986829092436
0.953292186384
0.928390453732
0.834462577985
0.994616870866
0.924109803833
0.954880324694
0.973078631272
0.973457604034
0.962155441499
0.947173494239
0.964441945342
0.965528657885
0.918014312315
0.926628916733
0.972963401635
0.989654186101
0.992073376363
0.940661084587
0.894506481561
0.911720893151
0.909592045935
0.956330087604
0.985457511365
0.996027916366
0.952359418175
0.936586112578
0.958817023496
0.963936472354
0.869583108794
0.91357708003
0.963145999622
0.993336002244
0.981842031835
0.838150580349
0.672966126078
0.953182356961
0.569396431734
0.828726275099
0.990463808969
0.974501412492
0.941186773407
0.984131366917
0.943773631796
0.946878915818
0.956445925265
0.995789712471
0.99318082168
0.92312277204
0.997475374345
0.917240982576
0.994908400761
0.939220136418
0.920006603481
0.959629683876
0.989792166186
0.967803727991
0.937748901136
0.935025290635
0.949337843616
0.964316436332
0.932053075944
0.965336359152
0.992129614698
0.990601901314
0.952798629289
0.932045903967
0.971686231178
0.968532587319
0.996701648984
0.957842922501
0.954961738862
0.995089690236
0.956586505679
0.953085092103
0.984528104869
0.94850442359
0.893121944914
0.908035324022
0.966506146767
0.967310202314
0.929161601892
0.945483363985
0.949641478222
0.968512078495
0.965225165002
0.951674040549
0.955415015949
0.926821544669
0.995396770099
0.968879774591
0.934937175565
0.980675842818
0.994951404696
0.968668411881
0.995457778558
0.968200133042
0.984008705677
0.973127703381
0.964515259725
0.952985641082
0.958209790163
0.980032676824
0.898837538155
0.926383414737
0.867758445365
0.972729132557
0.852133716812
0.969636559857
0.990379994008
0.912116176818
0.975407468514
0.997468492655
0.996130456276
0.943043381875
0.93047911626
0.933772893808
0.957418651315
0.935800539116
0.921317451758
0.903920507759
0.590485104488
0.616416502461
0.999442586357
0.918142584905
0.925255743307
0.998209790485
0.944362038409
0.995379470994
0.99214950348
0.938636215437
0.973495700852
0.821642820684
0.925734900642
0.988709376668
0.996584456018
0.967691409701
0.998263055961
0.96544979459
0.932137753406
0.946489793571
0.974885224134
0.959000285009
0.995488595417
0.965972578716
0.993847083303
0.970559983815
0.748705659707
0.731947090533
0.997109645449
0.981339539565
0.980730449273
0.990935320737
0.952689332153
0.942708028215
0.978640901483
0.988162194012
0.880848512692
0.884395729428
0.892913046852
0.991549825709
0.990860171916
0.990417959572
0.989197795645
0.981352727127
0.972232381175
0.982181708559
0.982056400496
0.82177873048
0.810377350335
0.987136105187
0.941738837283
0.986075368491
0.916788362267
0.958030572508
0.889342057056
0.93912397308
0.980614398058
0.618338925639
0.897364682171
0.392466780769
0.931975475717
0.918581501397
0.6689761777
0.863060107886
0.710575318879
0.719182639023
0.953840865423
0.979787471507
0.995004280898
0.923405450896
0.805546038243
0.889743557621
0.641337499587
0.730083451275
0.981903681792
0.918725128209
0.936486763499
0.514598555156
0.488656147649
0.90607042999
0.905723718542
0.895766682391
0.903808059119
0.857383242661
0.736168805304
0.976477398771
0.575724500749
0.994108741543
0.569830577739
0.98704701303
0.997090368765
0.703273461646
0.527254977756
0.518509889134
0.864621365603
0.943387911404
0.624841169212
0.757425214564
0.927915244026
0.987829265035
0.997163235075
0.623847738365
0.622645893777
0.619604692597
0.717725362279
0.910767115142
0.93838269783
0.72706489952
0.604301209782
0.986787086667
0.975914389148
0.510396848049
0.641421697363
0.949847575426
0.808199117838
0.70626981254
0.957640315164
0.892453882488
0.635600066416
0.992544434327
0.995719953115
0.985123071097
0.970918925129
0.637606696839
0.918986829295
0.957941980865
0.995934816587
0.983497477853
0.942431689488
0.900336461222
0.772193739699
0.730006313922
0.732876668812
0.969231706621
0.644984306487
0.956302719425
0.875837277911
0.80068783371
0.845553722176
0.762044899633
0.962190598897
0.937014160679
0.935947972888
0.998068944016
0.658405967648
0.652873105147
0.756857197155
0.823226514476
0.974421042062
0.908874784371
0.95082489399
0.988171477149
0.979293726082
0.90062917336
0.940102737264
0.988601047925
0.934475049578
0.663259879104
0.644128521982
0.917121268726
0.86073479436
0.899659247648
0.953362355808
0.992627561859
0.936609031905
0.93364682125
0.949189729639
0.990028406827
0.979559204658
0.959432735165
0.886545229871
0.945250166386
0.987161227583
0.969040024377
0.683755156244
0.691247499527
0.951777149422
0.525796483889
0.508065756247
0.649715122771
0.76541351331
0.651576091807
0.630405358651
0.939473399288
0.845258500578
0.6191699209
0.633351684157
0.609062518591
0.949809379843
0.991678709411
0.995822865406
0.991013792225
0.929721276549
0.837655685314
0.759391427338
0.774083254212
0.799462491633
0.790236992388
0.954235301371
0.965207678621
0.970469835312
0.620871904295
0.978350903488
0.941739797354
0.908786863794
0.937820104096
0.988487757985
0.940515928077
0.892547077226
0.892362261109
0.929327584967
0.950459258717
0.708712589937
0.598748813942
0.94428179266
0.986568907499
0.977247364843
0.948604251488
0.963527526238
0.977511405522
0.9537044871
0.932144071879
0.764635267957
0.770383442769
0.827648390011
0.949150504058
0.964132407185
0.978804591396
0.897600478341
0.957046752732
0.949652153915
0.811638055759
0.790617134974
0.953848780682
0.93897330454
0.985287794032
0.929426080245
0.636699639885
0.748993972113
0.966441452552
0.988068253311
0.927244439627
0.975328335632
0.919257993007
0.758033508419
0.750052243485
0.916199302943
0.995516639093
0.94401558971
0.940650454004
0.89117034851
0.9379733827
0.929867751784
0.975276654842
0.939497004641
0.911839284334
0.988947613709
0.911063114429
0.992184215918
0.896280609116
0.873669400772
0.873757545226
0.853659293598
0.834974834334
0.978834725788
0.971244970833
0.961853421127
0.925081529411
0.90248894693
0.908732702143
0.939469254598
0.904881345731
0.974889887308
0.976869934465
0.919678400356
0.981665831874
0.990040078627
0.939283352467
0.935842921645
0.899806946038
0.950683076339
0.99523350937
0.997809441176
0.950791361603
0.926540413248
0.96432545295
0.965901158118
0.974806290362
0.963958040573
0.986459561059
0.900671562922
0.938660629517
0.921115677386
0.982937877766
0.95613529785
0.96230564202
0.932308868557
0.931814511913
0.96189882328
0.972432742442
0.921270910187
0.932978769774
0.941800473575
0.93018452136
0.908086723622
0.99686104552
0.936203610477
0.954755013426
0.907407736826
0.898979440654
0.944911520467
0.908048959723
0.911951327174
0.929022840458
0.953562219934
0.914208095371
0.973161066298
0.943735314996
0.953289751139
0.958322998096
0.993826194206
0.834671929936
0.986113152616
0.994208628552
0.984695872723
0.991407061725
0.979944692934
0.999596987826
0.972767421104
0.956412950577
0.998461517535
0.988977771804
0.950701485752
0.953655072876
0.982903779364
0.986949384323
0.998480619508
0.997689665289
0.980745010187
0.989306275514
0.989847118392
0.977734016464
0.99434556225
0.98512123683
0.981914585807
0.834161469765
0.945225879218
0.94936096121
0.801378544077
0.989002828699
0.999304393814
0.987225771311
0.983161025207
0.95906717935
0.970173389612
0.987762502137
0.984643024646
0.987411192943
0.989839418575
0.984363450072
0.985902828129
0.987713213844
0.999203494626
0.985660449308
0.999579123138
0.987299500999
0.999605763721
0.998799492552
0.998870081528
0.987115325044
0.99927748766
0.961698176936
0.998702521557
0.999550217449
0.998629926618
0.998384366588
0.999326278274
0.998833380362
0.998926535718
0.998814071536
0.99909981796
0.999129211058
0.999245416176
0.998965365048
0.999445066521
0.999492138469
0.999236078595
0.998988063297
0.999380482834
0.999585471018
0.999621059319
0.985084289898
0.999280802673
0.985189516627
0.99910980082
0.987566291865
0.986756208757
0.989332400752
0.96440789375
0.958824712975
0.979081469678
0.960353438528
0.968552031801
0.968122062379
0.99910390447
0.999050539567
0.996870466412
0.978796970363
0.993842179351
0.973050803217
0.9877274839
0.977455233014
0.998508131833
0.999203976601
0.997662474791
0.995857942862
0.986275920641
0.966954665898
0.991206700969
0.990473507475
0.95824990813
0.991099718223
0.969767162788
0.985150547495
0.998447355202
0.976928214686
0.983281464446
0.962609897178
0.963250465422
0.928306535002
0.916708063697
0.939416910365
0.888465636447
0.958879429643
0.986280910593
0.987987511866
0.804659894834
0.991138601545
0.985123721549
0.857745734895
0.763466072763
0.985090637112
0.995954318212
0.988548540386
0.98780511148
0.997392562444
0.986726299387
0.986577043915
0.999521360792
0.979806791591
0.985213592245
0.999443551126
0.999682248302
0.983060886423
0.984645496348
0.999519078199
0.999093446539
0.998988028531
0.999103220631
0.999414874645
0.982309259497
0.982348248251
0.998076489201
0.999399598055
0.999254308069
0.999568403874
0.999057869446
0.999611236526
0.982515019983
0.982806536747
0.99891897842
0.999322094013
0.998775227223
0.999355568254
0.999418858544
0.998814254086
0.999385285991
0.999241668918
0.999358651202
0.981721626608
0.95892810647
0.999130763116
0.999649289733
0.999170370288
0.998585187897
0.985797437558
0.984573970411
0.988119597313
0.98421987346
0.970928383227
0.97338903393
0.990663925249
0.979436445171
0.988992880956
0.998553944791
0.973745086207
0.992726468352
0.997279562645
0.981989952945
0.992369549622
0.965481352387
0.975160495314
0.999408945025
0.998013834499
0.996071674921
0.986594649542
0.96549588536
0.958274524618
0.996791150317
0.970815346386
0.969342039344
0.98386615883
0.990533091143
0.938142451121
0.986523296996
0.977988530542
0.979543847225
0.975197465185
0.981712862962
0.995192243971
0.984358678888
0.855450001505
0.894028883848
0.969506932469
0.74786641911
0.987965668246
0.983393437462
0.985974341439
0.994637056043
0.974269070463
0.969636665014
0.998885506808
0.989218758319
0.989114514354
0.999539653309
0.948867552872
0.964509936685
0.9995286528
0.999527706674
0.984257498159
0.985816166656
0.999679867159
0.999128221125
0.999560173105
0.999335421529
0.999508134585
0.999136998294
0.999703956034
0.999662984591
0.983385865364
0.998699980329
0.99772874177
0.998284087807
0.998814470122
0.999399930258
0.958318493703
0.999207262853
0.9987316969
0.99880796865
0.999559322869
0.999159971132
0.998842923469
0.998581712309
0.999256009223
0.998960010913
0.999144096101
0.999262845686
0.999509408423
0.988239922221
0.986379035448
0.98573488439
0.998444246159
0.998512999726
0.999424754348
0.998391780552
0.987242199761
0.98230804134
0.968034059905
0.974449224605
0.98530703049
0.998872574079
0.998174062327
0.984104386834
0.995190014447
0.971323325522
0.96662793716
0.996252913399
0.999159084149
0.994980754065
0.994374590057
0.997709545457
0.957080260895
0.934995320536
0.954869530349
0.986380919501
0.992936996486
0.975226923893
0.953335686421
0.965807286779
0.99703918331
0.966329371437
0.955261969201
0.988729682979
0.991238166026
0.982018605725
0.965509255974
0.935595846075
0.958960609714
0.961318434068
0.960386330061
0.818277879685
0.999013130323
0.988409584098
0.986998852684
0.982784352435
0.979388763722
0.985369983662
0.996765263438
0.974589858872
0.960658214395
0.999131528194
0.998821096107
0.966863082091
0.944046412926
0.986716177672
0.985746567046
0.985732245744
0.998560517396
0.999195818462
0.980793126099
0.984642518396
0.998931653556
0.999421151343
0.984566073345
0.999579421062
0.999612341289
0.999507803087
0.999247363745
0.999584951399
0.999538776508
0.998872468071
0.999057505729
0.999183921467
0.999251462419
0.998892738503
0.999393849991
0.999523067415
0.999571722855
0.986321076005
0.986895598161
0.999379596559
0.999214282554
0.999595612944
0.959981663639
0.966888721308
0.999482931109
0.999692414592
0.999562569144
0.984169500751
0.979881821875
0.984934034281
0.989324816045
0.979919850183
0.962715682034
0.966037063289
0.999182879157
0.99853271376
0.998768202069
0.979671569924
0.995511508058
0.990623769186
0.985919910225
0.970450783424
0.995754152338
0.992207326359
0.99827478503
0.967729778388
0.984301561322
0.99199604925
0.990631393305
0.983622539263
0.998446283336
0.984876286498
0.987531433361
0.98006020906
0.99690871146
0.982640327346
0.984825725176
0.995462753522
0.97773772921
0.963437881412
0.96763469345
0.962861094579
0.880295503783
0.96624374648
0.96914357109
0.943275168766
0.900438191825
0.990088361432
0.964668167359
0.974787111546
0.969390413966
0.98903152893
0.997510967182
0.990576512643
0.998933450955
0.999513643456
0.987854156431
0.998228417348
0.98479751462
0.989034838724
0.999223104216
0.985298991357
0.961243254483
0.998801280255
0.999133627833
0.986611322929
0.999482258855
0.999209039767
0.999038990994
0.999188863373
0.986156497884
0.999762819577
0.999043742722
0.999581272479
0.999467637382
0.999511802819
0.984150096248
0.998397481761
0.999298366506
0.999239081613
0.999540335471
0.998127552367
0.99802066456
0.998183474792
0.999052673425
0.999081593526
0.998523717576
0.999256687087
0.999557711568
0.999655517447
0.99905709861
0.985494812741
0.999200413456
0.999061167177
0.999047226389
0.99829625217
0.999644573805
0.99899391578
0.982351144746
0.98696880048
0.981988254599
0.992329766685
0.999139128819
0.998462432341
0.968214216134
0.978883495533
0.996193725803
0.989689698795
0.99433277627
0.98241958863
0.973957190059
0.998408605224
0.997620643925
0.990033577852
0.986372897274
0.998083741963
0.955374339382
0.969146666966
0.977330854124
0.927581635737
0.988233659489
0.990044630087
0.989727609271
0.865540257682
0.984685253275
0.976531904813
0.986037234561
0.999510337315
0.999416605666
0.998957820206
0.982168100241
0.954714250657
0.988403988122
0.999252128806
0.986707732404
0.959926286956
0.95098772539
0.999373708982
0.999007458425
0.999138232143
0.999292394245
0.988872503611
0.998922640207
0.988287244729
0.986526270171
0.985323543184
0.999108643647
0.999525998599
0.987078877036
0.999474537935
0.999107163815
0.999176808497
0.999326944238
0.9796001107
0.983722160775
0.999656206491
0.999168627439
0.998981795464
0.999705297274
0.999418939494
0.999199679189
0.999185914221
0.999202599157
0.998857274122
0.998611783582
0.99947900025
0.999442077733
0.984548110635
0.98423324864
0.980311515654
0.988702515986
0.998869909234
0.956065189535
0.947899477777
0.958097047537
0.984222461145
0.99969856747
0.987883875192
0.974325437343
0.996163598016
0.996623452857
0.990966924068
0.956441890339
0.99000265347
0.997800919974
0.999276883307
0.998448224241
0.998100156573
0.967733240875
0.99970430368
0.983508451666
0.972327792521
0.964885557512
0.992787846374
0.991745409757
0.997994764513
0.961682699472
0.989005073269
0.978435033604
0.981617543638
0.987070537932
0.975253279455
0.988722976694
0.99302643743
0.985010932515
0.921394539167
0.900570071866
0.950356682375
0.769526811393
0.989044958484
0.999203600044
0.981460525111
0.98718866334
0.947639713759
0.972819224892
0.986912659328
0.998069170851
0.999055796496
0.999566552572
0.987294859027
0.999735846725
0.987343615891
0.999369101957
0.987432092446
0.999538952011
0.987689265943
0.998801108584
0.980289306755
0.986505757905
0.999404480133
0.983519326605
0.969594919374
0.965006439014
0.998808485318
0.999088868095
0.999712669802
0.999649601123
0.999408029067
0.999447573426
0.999387394944
0.999418908972
0.998599650503
0.99886088156
0.999252989571
0.99904325915
0.999062603693
0.999215058437
0.999612654899
0.999668951772
0.999722600359
0.999375846878
0.998914077872
0.999500338964
0.980816214466
0.985426292448
0.999149281844
0.999137644299
0.98648739518
0.957608057753
0.988665071077
0.998741332372
0.985607785386
0.998978748208
0.996547027158
0.989583453174
0.970017867926
0.953932012463
0.971152111266
0.99428177673
0.98642006768
0.898630435914
0.973767439562
0.998217908328
0.983557152591
0.980426564576
0.982906400476
0.970822136463
0.997337665935
0.998056224181
0.999615365724
0.997048787432
0.98010202092
0.985335157306
0.958087581034
0.962652432137
0.993776800412
0.946155513333
0.987037800076
0.974622135806
0.985944227051
0.895936619722
0.962487829143
0.95612600093
0.993468883925
0.906736950305
0.986754793419
0.986929158361
0.990816469879
0.892636999525
0.977211222857
0.987180316177
0.998027991601
0.998796168313
0.988186270876
0.986854652929
0.998819300382
0.968982850991
0.968674705256
0.998801789672
0.998869899455
0.987796721631
0.999170602678
0.999231281544
0.999565530511
0.999618808529
0.999318206635
0.98796834672
0.998863745758
0.998949517637
0.987025356215
0.999495952802
0.990098410389
0.99111622254
0.999341273119
0.987879946057
0.999640951223
0.999282337959
0.999120405368
0.99956081113
0.999320657694
0.99860793254
0.99851567331
0.998502447489
0.999339966842
0.988026083382
0.961772081396
0.999175308426
0.98663537446
0.987073608962
0.999498519976
0.998599269837
0.999124277453
0.999302188889
0.999590404484
0.986051398341
0.979854223838
0.982345113134
0.979177095347
0.962945633691
0.95195578468
0.969550098505
0.984184962679
0.98817791991
0.985500302644
0.965395992765
0.988628688974
0.997041145879
0.993179827944
0.955960277759
0.969161021216
0.998177377926
0.998779587091
0.997871865092
0.986438572666
0.998252066901
0.985564959691
0.984219691975
0.999051808079
0.97789712204
0.998264187147
0.998967331914
0.986851073766
0.982747894155
0.985823579849
0.968890244102
0.929031112294
0.969738129466
0.97527808151
0.907593623601
0.601253141908
0.557078647109
0.972977512704
0.830926653797
0.994312145177
0.985681850822
0.99022647851
0.992590694101
0.983928563527
0.986584717636
0.996268314458
0.987942875457
0.983759705095
0.999090289983
0.986199367048
0.9885671685
0.999545564594
0.999075087419
0.999318258564
0.986996605477
0.99613976251
0.995139544481
0.999015505011
0.987475015671
0.998668470756
0.998372172732
0.984966153325
0.999542842662
0.999652535091
0.999525680058
0.999256935596
0.998636736129
0.998774247929
0.997866254132
0.989328480558
0.999038876455
0.998605701457
0.999434655012
0.999206190104
0.998759285756
0.999334356023
0.981411832986
0.981362838772
0.999345998044
0.999515680794
0.999549015353
0.999317649091
0.980879581679
0.985192168667
0.987129141476
0.999187974353
0.998610706165
0.998543002339
0.998020123524
0.98636495959
0.999282970047
0.956731730001
0.969899461726
0.943137250093
0.979549791496
0.994075086682
0.999148005049
0.966170011515
0.952008782055
0.984828425926
0.993337822468
0.990985249326
0.987541968102
0.987063488398
0.982348990124
0.984568955581
0.999162111232
0.995550427271
0.986757138716
0.984933303052
0.9927085527
0.980617995723
0.981925085142
0.99846707114
0.960874834709
0.931595991144
0.933947756744
0.9378213346
0.961458444325
0.947032422028
0.972322272227
0.925757400324
0.968944118186
0.992868528981
0.872565626757
0.975017662012
0.934501026353
0.928602679436
0.761142678875
0.982944867801
0.977184565944
0.974223263698
0.980364473001
0.986598368143
0.982461461291
0.986828731282
0.984404378579
0.988458251274
0.987549186513
0.985816606495
0.999117466872
0.988300847415
0.981746783011
0.959574576777
0.99943524299
0.98746280526
0.999538624911
0.999448902647
0.97150719027
0.963513004335
0.999259146105
0.999485524947
0.999710050171
0.999354941513
0.991142792638
0.989440932862
0.999088820997
0.999239731689
0.999378938856
0.998432971852
0.998796078313
0.999207080937
0.999037052819
0.986874947579
0.999083422175
0.986939010116
0.999537617044
0.999714696657
0.999368325579
0.999021435171
0.988766916919
0.984940581759
0.999059094707
0.986913569164
0.987098086318
0.998724039362
0.998259568784
0.94820233158
0.953994372744
0.955367467108
0.98337681168
0.990867104183
0.998583625255
0.980554849537
0.963519371218
0.977986887149
0.995529607447
0.988182001828
0.984417212195
0.98808348856
0.998831446349
0.998951315385
0.984885315414
0.996755010265
0.979511343065
0.999149892291
0.99859444628
0.997073474335
0.988762037658
0.980684086701
0.967952261556
0.98272314825
0.993958908897
0.964804265246
0.996830540628
0.992625334843
0.970980808788
0.941804580143
0.99380860485
0.932229754243
0.872132008663
0.954296502309
0.964630269477
0.983889799087
0.878127865531
0.966633302595
0.984840840152
0.96651982975
0.984215054455
0.958123539621
0.988026886806
0.948506306898
0.963343261488
0.999037240102
0.998773745821
0.999218184373
0.986545850556
0.984825509501
0.986482921073
0.99900500906
0.999151639162
0.986182768533
0.986447016647
0.999337331657
0.999364393698
0.999670311419
0.999445360931
0.998823312871
0.999414426408
0.998697183866
0.998873303601
0.998923993861
0.9997145254
0.999623106247
0.999301667977
0.985091185247
0.981861353022
0.999123477016
0.980587054398
0.976882280159
0.985566600763
0.999036826336
0.982020165379
0.984431299552
0.985241162369
0.999115862011
0.999118261101
0.985635101404
0.961314217535
0.999096579174
0.999566167994
0.999134649289
0.999245120426
0.988421161314
0.998633182313
0.998715537814
0.982857341778
0.998909855978
0.98062686467
0.995542309454
0.959207804612
0.972633925943
0.998445164629
0.981327580822
0.987023027797
0.974871680147
0.98944310985
0.985788550221
0.998200038504
0.983096539749
0.998556965969